256
320
458
156
438
60
217
204
352
75
128
447
347
948
85
137
751
70
297
90
68
119
322
502
78
851
148
219
225
382
106
365
178
59
970
162
337
98
129
144
50
139
629
279
100
63
106
134
153
207
253
209
116
182
83
122
1165
85
94
116
171
335
61
65
136
90
81
138
83
249
123
683
229
561
355
142
522
76
309
431
379
145
283
130
498
237
352
236
60
155
232
179
280
95
54
55
183
95
230
88
124
129
77
238
156
324
177
370
84
158
73
115
147
212
572
241
175
92
162
156
50
165
245
61
605
150
98
388
79
171
55
155
118
363
85
363
174
223
137
66
122
126
124
124
141
141
141
141
141
146
146
147
146
146
234
121
60
893
924
57
178
57
80
104
102
311
316
360
524
312
275
119
286
302
117
169
171
117
157
160
120
121
127
119
130
272
270
270
269
269
270
269
104
113
116
104
104
104
125
124
124
124
124
124
124
124
125
82
121
120
121
124
121
118
122
118
118
118
118
137
137
125
137
137
124
124
124
124
290
290
290
290
296
257
68
175
61
145
95
254
68
74
126
508
94
505
12
102
15
459
493
480
120
89
67
141
139
142
236
297
105
273
235
368
259
111
24
1086
524
201
239
71
57
114
65
14
13
565
504
538
194
515
64
84
254
252
252
268
267
248
244
244
239
261
264
80
252
249
259
259
248
248
248
238
261
262
66
214
254
254
255
240
256
10
260
267
265
28
260
268
262
255
258
248
260
258
265
257
252
248
230
261
263
261
262
257
255
261
246
244
262
246
246
246
246
246
193
247
255
261
244
258
260
261
249
255
255
262
255
255
255
255
272
246
246
246
246
258
247
247
247
247
247
247
158
262
248
248
248
248
245
245
245
245
245
245
245
245
61
248
247
245
245
248
245
245
245
245
245
245
245
264
259
252
277
258
251
248
259
259
264
266
260
260
17
220
251
262
235
244
244
244
244
242
244
247
247
248
247
247
245
148
414
666
124
137
147
147
151
147
147
147
147
147
147
57
475
53
152
264
132
522
43
43
43
43
606
184
154
154
159
159
80
159
159
159
154
154
159
154
159
159
159
215
147
149
138
140
148
73
1707
139
365
365
365
365
365
362
365
365
365
365
557
460
495
488
493
493
487
487
492
496
475
494
483
485
452
469
474
496
476
470
533
495
542
447
469
470
517
473
484
491
368
338
337
337
337
339
339
338
338
338
338
338
338
338
338
338
338
338
338
338
338
338
338
338
338
345
338
341
338
337
338
337
338
338
338
338
338
338
338
338
338
338
330
329
325
338
338
337
339
337
338
312
338
338
502
501
502
618
568
580
74
256
1268
1126
966
961
958
993
993
993
993
993
991
993
908
1005
962
993
1094
362
359
365
362
362
362
363
365
366
365
366
366
366
346
235
232
220
597
596
596
595
596
602
599
600
597
364
362
65
61
152
256
1046
390
360
160
274
193
184
56
149
96
63
269
104
176
176
193
265
73
440
22
62
170
99
126
117
54
37
141
166
336
59
363
363
258
1361
20
71
136
148
121
315
417
236
29
152
50
542
495
486
486
499
497
497
500
497
477
602
586
757
497
467
467
467
165
522
524
524
524
500
510
510
492
546
416
588
589
590
584
591
589
589
395
589
590
635
587
601
601
602
601
587
495
538
536
536
535
529
513
508
499
447
447
447
581
447
447
447
463
526
501
443
443
443
443
443
525
525
443
443
413
443
468
443
451
447
453
453
453
447
447
447
447
447
447
447
548
627
54
256
110
100
255
95
205
255
30
310
313
378
404
374
378
652
472
310
402
454
455
164
146
133
17
20
104
148
170
154
178
155
164
125
104
166
180
100
165
295
141
178
186
110
172
30
141
61
149
149
139
67
258
158
44
268
268
268
268
268
154
160
160
160
160
104
328
331
61
74
73
106
66
92
358
232
418
1308
1308
1308
69
159
37
234
180
246
173
145
462
69
98
312
315
322
10
303
298
303
303
285
356
355
356
353
353
353
353
353
351
349
350
350
353
353
353
353
357
357
357
357
276
269
271
276
276
311
352
352
352
352
148
364
362
363
356
362
362
360
364
356
360
42
364
307
364
357
362
356
351
360
356
355
355
356
356
387
382
386
375
386
60
375
375
373
375
376
319
319
319
357
319
125
319
353
352
352
542
114
93
378
243
165
51
40
254
347
411
320
250
259
256
56
469
465
446
261
260
276
254
337
366
373
373
373
373
373
372
373
373
373
373
373
373
373
373
373
373
369
369
338
61
373
373
370
373
346
370
370
373
346
346
346
210
701
680
689
561
559
477
385
393
392
393
373
373
455
463
457
56
627
627
627
627
626
626
627
626
627
21
21
56
150
153
150
152
144
150
150
150
150
147
153
150
272
150
153
154
146
146
146
145
144
153
158
168
173
155
152
146
146
162
157
158
154
175
175
149
150
72
246
192
192
192
192
191
188
188
179
189
195
179
179
179
286
182
177
174
281
281
171
186
192
176
176
174
189
287
182
180
286
180
175
286
181
272
192
180
174
169
170
185
185
184
286
180
189
176
176
176
176
176
176
176
282
280
171
177
471
523
394
320
442
397
400
293
342
334
299
318
347
336
299
321
324
336
130
335
336
35
335
335
108
72
95
95
73
68
96
90
75
88
72
72
72
92
70
69
87
72
71
71
71
71
71
73
94
73
92
92
89
93
88
71
93
91
107
93
79
93
92
75
88
72
73
93
72
71
71
73
92
88
94
90
91
94
75
72
92
72
71
73
108
92
72
71
71
72
93
91
91
71
72
91
92
92
71
90
35
95
76
69
69
71
74
89
87
28
73
92
92
103
94
94
87
87
87
87
87
87
87
87
66
460
201
187
282
303
185
194
193
202
210
207
194
210
205
205
205
205
205
205
205
205
205
205
204
205
205
205
205
196
204
196
196
192
186
186
186
186
200
207
207
207
207
191
197
181
190
203
190
194
196
209
199
196
196
196
209
205
203
203
203
202
202
203
203
203
203
203
202
201
205
205
205
203
190
210
189
213
191
198
209
190
203
190
189
180
188
188
188
229
212
193
193
193
193
193
193
214
211
221
207
210
208
208
210
208
209
213
183
183
183
183
213
207
207
207
207
207
207
200
193
192
203
203
203
194
214
214
205
204
204
203
203
203
194
198
206
193
201
208
212
198
212
213
213
208
223
239
239
239
231
223
223
212
199
198
208
185
233
223
201
206
200
202
183
220
220
183
177
217
183
183
183
223
190
206
200
170
202
202
202
202
202
202
202
202
202
202
202
202
202
202
206
205
205
202
203
213
213
217
194
195
192
199
212
201
180
183
169
206
207
207
207
206
254
208
298
333
317
384
107
86
111
111
111
47
109
111
111
77
111
111
74
86
86
33
86
88
86
86
86
86
86
62
86
86
65
86
65
86
65
86
64
86
65
86
65
65
65
86
86
53
86
86
65
81
84
86
87
87
89
89
89
103
103
103
63
63
63
63
85
85
64
90
64
64
89
86
64
64
64
64
86
573
569
566
563
507
756
284
156
433
352
151
58
82
81
83
83
25
83
62
60
81
64
81
84
60
60
60
61
81
60
81
60
60
81
60
60
83
56
81
60
59
57
61
62
61
61
61
62
61
61
61
61
61
81
83
83
62
83
81
81
58
81
81
61
79
81
81
83
83
61
61
62
61
62
81
78
60
83
62
60
61
62
62
83
83
81
83
83
61
83
83
81
83
83
81
83
60
83
61
83
29
83
83
83
83
60
60
62
62
62
62
83
61
83
83
83
82
83
62
62
61
60
83
21
27
83
83
83
83
83
79
79
11
15
79
79
79
79
79
81
20
81
81
81
81
15
20
81
60
60
60
60
60
60
60
60
81
81
60
81
81
81
81
60
81
60
60
60
60
81
30
81
81
81
60
60
60
60
60
81
81
81
81
81
60
81
60
81
81
81
60
60
60
60
60
82
60
62
60
60
60
62
81
81
60
60
60
60
72
82
60
60
60
60
60
60
60
30
81
60
81
60
81
60
10
61
61
61
37
37
61
84
84
84
84
84
84
61
61
61
30
359
65
40
40
65
66
86
65
84
66
86
65
66
86
86
86
66
65
62
62
63
63
86
62
60
60
60
60
65
86
65
86
86
61
47
61
61
83
86
86
65
26
86
86
86
86
86
86
86
80
60
60
81
30
78
78
64
63
62
61
82
61
83
82
83
62
62
21
62
83
62
83
83
63
63
79
78
57
61
60
57
61
59
59
63
65
65
65
84
81
78
66
84
66
81
26
57
57
59
79
81
77
57
82
82
79
28
83
79
85
82
25
74
78
79
78
81
78
57
80
41
84
84
78
78
57
78
79
78
43
58
61
576
460
469
12
43
238
348
343
204
304
208
353
447
198
181
138
65
296
116
2432
129
184
294
495
240
220
290
376
15
48
48
457
561
551
547
564
544
544
545
293
547
556
551
569
569
544
545
562
542
561
551
554
570
559
539
542
552
565
583
552
591
550
552
546
542
566
598
544
558
550
609
562
555
514
537
553
112
118
118
117
117
120
120
100
101
103
117
1010
985
983
529
526
529
527
634
539
371
382
352
151
151
141
343
311
345
337
338
332
310
310
345
347
333
333
333
333
333
333
333
333
333
310
310
311
320
320
310
310
337
337
311
308
334
359
314
310
308
308
332
345
333
327
310
313
333
334
333
312
342
354
357
350
247
63
63
63
63
62
63
63
63
63
543
333
297
542
541
543
543
543
542
542
542
542
542
530
530
531
531
489
526
524
517
517
280
282
278
280
280
505
506
506
501
501
498
502
502
498
498
518
525
528
528
528
528
528
506
508
506
506
506
172
186
186
186
170
172
202
180
221
180
180
180
180
180
180
179
179
321
389
199
199
199
199
199
199
199
199
199
199
199
199
199
199
199
199
199
199
199
199
199
199
199
199
198
199
199
195
199
199
197
194
197
199
199
199
199
199
199
199
199
199
199
199
199
199
199
199
195
199
199
199
199
199
194
194
194
179
194
197
197
197
197
197
197
197
197
197
197
825
548
548
548
548
559
548
354
277
182
182
187
194
460
443
504
461
423
416
423
422
422
422
421
422
422
422
423
408
389
389
386
388
389
390
390
390
386
390
150
390
386
386
389
377
376
377
374
291
377
374
379
365
365
363
149
366
366
366
365
366
564
470
470
247
471
834
471
471
471
470
471
471
96
471
617
481
479
60
479
458
458
459
458
460
490
478
489
483
441
437
437
447
454
456
388
388
388
137
406
357
357
357
370
370
440
440
440
436
446
479
448
448
425
453
421
446
466
509
462
417
449
360
1069
2590
414
421
419
419
419
419
419
419
418
418
419
419
419
419
419
419
290
290
410
368
365
610
573
331
336
331
289
319
300
300
300
376
286
560
569
592
561
560
561
560
569
568
601
601
574
577
603
574
572
576
221
576
580
593
553
560
553
602
505
455
436
15
584
207
207
206
207
315
606
598
479
383
385
382
347
346
350
827
397
487
480
483
489
486
508
537
492
487
468
468
332
484
467
469
468
473
468
484
517
481
479
479
480
445
445
445
485
493
481
481
468
496
484
484
299
483
468
472
472
483
250
445
445
445
483
468
492
483
445
445
468
445
468
468
468
468
468
468
468
468
471
482
488
479
268
296
296
259
280
280
325
327
327
261
324
324
252
232
394
349
338
337
235
258
334
334
333
334
331
269
232
256
258
256
331
333
236
243
331
331
331
331
331
331
331
331
331
331
331
331
331
331
331
331
331
331
331
331
331
331
330
331
232
227
227
258
331
331
257
247
247
247
247
231
231
240
332
332
328
238
242
257
238
232
331
331
331
331
331
331
331
331
331
331
331
331
331
331
331
257
331
331
331
331
331
331
331
331
261
240
220
241
328
239
239
333
334
334
334
334
334
334
334
334
475
457
457
480
472
472
517
525
495
495
495
495
495
495
454
74
481
276
212
212
211
207
210
208
516
482
521
472
2554
2594
352
352
352
355
427
433
691
704
543
746
523
752
240
175
483
553
483
483
5
378
156
156
156
156
156
10
497
502
863
863
863
209
195
196
100
263
93
499
307
274
11
132
716
510
513
71
152
152
91
154
97
800
802
802
802
527
607
607
607
948
534
619
623
192
369
378
377
378
387
198
666
493
493
492
493
493
462
478
493
478
493
493
479
478
88
324
324
403
413
201
207
207
201
207
206
207
202
201
205
405
53
413
421
413
52
412
43
413
413
411
421
392
416
412
30
396
372
410
418
406
413
412
413
46
409
421
418
411
416
503
20
41
495
512
40
13
513
594
595
587
594
273
279
273
273
305
273
273
273
273
306
306
302
280
280
273
273
273
1477
273
273
306
273
285
270
305
271
273
273
273
273
273
306
273
302
273
273
271
273
273
306
273
273
273
273
273
273
273
273
273
273
273
273
273
273
273
270
273
273
279
273
273
273
273
273
273
273
273
33
273
271
279
276
276
276
320
309
274
276
273
276
273
273
273
273
273
273
273
1500
273
273
272
273
272
272
272
272
272
273
273
273
273
280
273
161
40
33
35
71
329
329
331
556
263
823
823
823
823
165
426
113
273
273
305
272
276
117
310
500
430
565
119
322
143
141
140
141
140
140
140
140
139
141
291
592
234
234
492
491
491
11
240
347
1013
1534
1367
1906
1516
2004
1510
1653
1474
1474
1905
1474
1582
1472
1892
1536
1641
1641
1454
38
18
32
138
135
256
39
258
74
222
311
276
285
278
275
311
273
252
285
311
278
278
47
625
60
197
912
62
62
544
504
501
68
147
147
147
340
370
339
30
168
159
61
275
278
276
275
278
276
275
278
245
274
275
276
276
276
276
275
276
45
204
275
512
238
244
252
244
244
162
162
162
162
162
299
129
327
353
359
353
218
360
340
341
369
395
59
686
58
770
780
612
887
40
770
770
76
770
770
770
58
770
751
58
737
57
210
307
190
190
120
103
103
190
37
151
151
212
275
275
310
432
115
687
81
231
930
409
374
588
55
55
55
55
379
273
245
245
770
195
386
79
97
97
442
82
347
338
338
339
330
139
338
338
337
330
325
325
330
325
327
325
330
325
325
325
352
340
333
340
340
92
52
25
508
518
91
96
76
726
726
430
279
400
385
385
378
326
326
326
324
326
326
326
328
326
412
409
412
412
410
410
332
332
340
332
332
332
332
408
415
317
314
318
319
319
320
317
502
505
523
530
530
399
399
398
1013
398
398
362
324
364
419
320
976
447
466
546
546
539
162
541
542
553
541
555
253
374
797
464
181
195
210
181
181
178
286
286
478
269
678
146
146
146
145
185
152
201
152
145
145
201
153
1733
479
479
479
479
479
479
479
479
375
177
286
286
271
261
288
286
281
514
438
334
267
524
326
334
327
90
89
83
667
673
672
672
672
672
650
672
415
423
423
734
514
284
502
266
108
479
143
405
176
1792
312
264
160
145
309
363
429
786
288
376
143
342
363
329
212
425
425
425
425
177
177
177
480
503
503
504
506
503
503
505
284
288
282
239
385
572
578
608
727
722
721
556
720
379
580
603
362
545
552
550
544
310
310
310
310
310
310
309
309
310
310
310
310
310
310
310
310
310
310
310
310
310
310
310
310
310
310
310
321
321
310
310
310
310
310
310
310
310
310
310
310
310
310
310
310
311
310
310
310
310
311
311
311
311
311
311
311
311
311
311
655
650
655
655
655
655
655
655
655
655
655
655
655
655
655
655
655
655
655
655
655
655
648
648
655
652
655
651
650
662
662
662
652
655
655
655
655
655
655
655
655
655
655
655
655
655
655
655
655
655
655
655
655
655
651
651
651
651
651
651
651
651
651
651
368
309
67
67
67
67
67
67
67
67
67
67
67
67
67
67
67
67
67
67
67
67
67
67
67
67
67
67
67
67
67
67
67
67
67
67
67
67
67
67
67
67
67
67
67
67
67
67
67
67
67
113
67
67
67
67
67
67
67
67
67
67
387
46
315
316
315
315
1429
1463
483
483
525
391
491
515
332
957
961
959
968
962
270
270
270
122
270
270
272
271
271
298
330
331
330
330
330
569
566
524
497
489
489
514
328
334
322
548
382
35
33
33
35
33
23
35
35
35
33
23
33
122
122
122
122
278
434
435
434
434
338
382
374
379
1290
477
391
485
594
856
493
541
476
466
480
481
467
475
30
30
394
400
400
397
400
400
399
401
409
399
399
383
385
462
329
341
589
559
559
385
554
559
626
552
552
552
552
552
384
257
400
145
389
453
389
204
24
25
384
357
384
384
384
384
337
346
355
295
757
281
155
167
588
165
775
772
764
135
341
340
159
328
444
412
412
412
412
412
412
1064
926
926
926
926
719
719
719
719
719
719
719
719
719
719
719
719
719
719
719
719
719
719
719
719
719
719
719
719
719
719
738
723
639
498
719
719
719
719
719
719
719
719
719
719
719
719
719
719
719
719
719
719
718
718
718
718
718
718
718
718
718
430
393
418
614
606
46
579
717
405
459
34
449
393
403
453
523
582
584
588
597
581
592
585
357
586
585
585
586
585
601
596
586
578
579
588
578
578
578
587
592
581
586
586
586
578
584
586
584
591
585
584
576
586
570
585
592
357
357
1017
593
593
594
1013
964
593
594
592
592
592
592
592
592
592
592
592
592
764
585
585
585
601
585
585
776
460
466
469
463
470
462
463
474
470
471
471
468
475
476
471
464
460
458
462
460
460
460
465
990
458
462
462
462
460
461
462
464
462
466
467
463
253
463
462
471
461
460
462
467
467
467
462
465
467
467
463
463
463
463
463
463
463
469
466
465
460
463
465
465
460
463
460
407
421
404
342
413
408
412
405
364
438
348
352
352
348
347
413
413
413
360
360
357
399
360
384
385
385
349
413
407
413
413
413
370
370
370
31
413
405
409
356
366
365
366
356
418
211
209
214
228
230
224
224
232
212
209
209
206
216
232
211
214
214
209
214
231
213
214
213
214
231
214
214
214
213
213
213
213
213
213
213
209
216
213
214
214
212
214
209
191
197
200
200
188
198
203
192
194
195
195
194
193
207
208
203
183
186
191
183
183
203
200
192
203
203
203
183
192
203
191
208
192
207
206
182
203
192
182
199
190
198
198
190
190
194
194
194
194
194
194
194
195
192
191
185
197
203
203
215
203
185
101
574
102
488
109
120
120
106
109
560
99
101
99
100
100
99
100
98
100
99
99
99
101
100
99
100
106
106
99
99
526
103
103
103
523
104
102
102
102
102
104
104
327
91
685
676
722
692
649
658
659
659
701
637
663
220
101
101
430
28
423
428
426
401
430
454
430
430
430
430
430
430
437
427
451
824
434
880
427
942
475
494
495
491
530
492
510
451
500
477
474
451
506
519
470
533
392
505
470
520
481
474
440
481
470
392
396
393
396
93
375
400
398
389
391
410
410
402
396
396
408
213
397
400
399
389
364
377
154
182
390
448
451
444
461
438
461
461
461
461
195
195
195
195
195
195
195
195
195
486
486
486
483
485
483
483
483
483
909
1227
1453
590
271
953
1278
1495
703
278
917
1273
362
1495
687
391
1245
1410
1505
1505
678
628
1247
1539
648
1240
1053
691
1228
736
310
310
310
310
1240
288
288
288
288
288
288
329
310
294
329
320
320
311
310
662
263
1225
708
209
1252
209
725
290
1882
1286
1622
1337
603
595
740
485
646
666
670
653
229
682
711
695
761
1408
739
328
1296
672
282
1229
751
678
624
680
1109
728
641
662
1004
700
685
644
737
19
714
1109
634
1416
983
1273
1623
706
605
678
755
1400
1426
1426
1420
1451
1413
1453
1468
1442
1464
1469
1457
1457
1450
1450
1418
1509
1454
1444
932
1229
192
1514
181
715
730
1423
1466
1397
1441
1392
1500
1390
1454
1456
1350
1440
1404
1470
1480
937
1286
1516
1510
723
577
1406
1441
1388
1446
936
1230
1514
692
649
787
787
384
328
926
1407
1466
727
338
935
1248
1493
725
475
901
1241
1464
589
557
950
1236
1506
638
470
1365
509
509
512
512
285
527
527
660
663
661
418
521
669
675
440
417
518
442
220
258
258
269
269
797
785
901
796
858
943
885
796
792
795
832
301
53
39
429
467
471
471
476
482
506
510
469
463
500
500
468
184
764
11
737
434
1476
1327
623
94
596
865
1427
97
1478
199
382
190
190
386
373
377
383
384
384
381
384
383
383
384
384
383
384
381
193
200
210
211
1488
1465
1469
1683
1620
1620
877
2261
2261
1499
1621
2435
2434
2434
1702
1704
1704
1704
2281
1615
2273
2310
1662
1642
1642
1642
1631
1617
1624
839
2146
2159
2170
837
1621
845
1624
1623
887
1543
834
2595
2595
5058
5034
1733
1773
308
1452
1452
909
1397
1432
767
697
1257
1255
678
842
842
842
836
849
743
824
752
752
746
752
766
762
762
738
715
1325
1321
1321
1321
1321
1458
1359
1384
1412
1460
1351
1328
1582
1593
1581
1582
1345
1549
1546
1549
1545
1334
1323
1350
1317
1436
1497
766
734
730
745
736
737
741
740
741
741
750
659
659
659
606
606
611
599
599
1274
845
837
807
807
839
625
593
623
628
554
709
709
709
709
1142
1471
1101
793
678
666
633
655
1328
655
654
657
656
657
1393
650
798
646
646
650
1509
651
652
652
1534
815
626
673
673
694
1448
1466
1442
638
1439
1475
1528
1476
1476
1449
730
1449
615
701
1159
1349
513
882
1424
1485
251
254
259
257
253
251
251
260
251
398
381
382
398
398
398
398
386
414
464
464
239
308
74
139
216
590
97
157
343
493
375
474
474
474
474
474
474
474
474
474
474
474
474
474
474
474
474
474
474
474
474
474
474
474
474
474
474
474
474
474
474
474
474
474
474
474
474
474
236
229
235
229
236
236
229
224
224
224
224
396
440
429
367
363
374
388
85
500
494
496
731
85
183
481
628
629
628
628
628
629
628
565
631
499
506
506
506
499
499
499
506
506
510
463
486
505
505
504
505
505
504
504
15
473
436
423
481
302
508
232
468
459
432
422
355
444
337
337
404
405
412
412
425
398
425
425
425
411
409
411
342
342
342
349
351
349
349
351
337
337
336
337
432
439
440
439
424
306
306
297
306
297
303
317
306
307
312
319
337
337
337
337
336
395
270
271
247
242
210
210
210
210
210
558
558
558
558
558
558
469
474
474
92
508
481
476
513
446
720
366
367
328
269
442
388
332
344
249
397
298
306
312
323
321
317
279
302
254
183
187
173
177
175
214
181
193
181
183
183
89
565
668
689
695
1224
1130
569
1123
1182
555
1182
426
551
495
601
419
433
152
100
108
271
274
778
861
611
612
612
683
682
143
74
1620
439
746
123
215
321
321
321
319
321
321
321
319
338
322
321
372
358
372
353
364
400
372
319
321
317
321
318
317
320
320
321
383
861
198
201
617
112
678
522
187
592
214
150
527
187
146
204
150
538
379
729
2364
115
9
217
274
157
158
391
664
587
81
81
81
81
81
81
81
81
528
381
375
384
375
527
96
348
562
528
236
246
904
410
405
391
409
407
405
404
408
408
409
416
415
415
390
859
859
859
859
862
862
394
150
275
272
269
272
268
1021
1012
478
478
478
1025
1024
1009
1104
1109
269
695
122
390
56
424
340
58
247
219
477
77
99
92
353
690
215
181
77
103
104
103
103
103
103
103
103
103
103
103
103
103
103
103
103
103
103
103
103
103
103
103
107
103
104
104
123
103
103
108
104
104
103
103
104
103
103
103
104
103
103
103
103
103
103
103
102
105
105
105
105
104
103
110
103
103
103
103
103
103
103
104
106
114
105
105
107
104
104
102
102
102
102
102
102
102
102
102
102
79
85
79
79
121
183
179
102
99
60
85
125
85
102
85
96
96
98
97
96
139
365
808
133
84
1718
109
233
847
707
707
1069
1020
1025
1033
1017
1020
1043
209
489
1014
116
587
1033
1030
1088
1021
1015
1035
1074
1017
1086
1039
2346
2346
2345
2345
2346
2458
2448
31
2324
2282
2247
2233
417
408
416
416
415
413
639
621
625
625
430
430
430
430
430
421
417
419
421
421
421
421
421
421
412
412
412
413
412
412
655
655
655
656
655
423
476
745
740
740
781
778
770
778
770
834
489
332
334
272
272
283
1760
549
550
550
605
150
152
151
153
173
152
151
152
627
624
93
36
108
88
501
410
398
303
268
269
326
533
492
534
508
525
506
467
458
282
300
288
282
282
282
286
286
88
88
88
726
724
724
721
721
763
666
667
667
739
299
359
270
338
86
30
91
354
40
91
87
87
362
116
155
668
336
648
569
92
656
103
87
92
87
87
86
84
86
87
89
87
89
90
87
88
87
87
87
90
87
87
760
2254
466
2267
2355
445
2327
517
408
323
654
654
654
322
598
600
325
273
273
273
273
273
273
318
316
316
317
317
317
317
320
317
323
311
319
319
319
318
316
325
322
323
769
322
317
321
316
324
324
324
324
324
324
324
324
324
324
324
324
324
324
325
325
325
318
318
319
317
319
319
321
321
321
321
320
320
317
317
317
317
317
317
317
317
317
323
323
323
323
323
323
323
323
323
323
323
323
323
323
323
323
323
311
311
310
312
312
312
312
312
312
311
323
320
320
320
315
319
319
319
316
324
334
324
324
333
335
324
336
335
333
335
324
324
324
324
334
324
317
317
321
319
274
272
274
274
271
271
271
318
316
316
316
316
316
332
319
323
323
323
323
324
310
325
322
316
319
319
319
319
319
319
319
319
319
319
319
319
319
319
319
319
319
319
319
319
319
319
319
319
319
327
319
262
319
314
319
311
317
317
315
315
315
315
315
315
315
315
315
313
322
325
318
319
325
325
317
326
318
328
317
315
315
315
325
318
313
308
335
312
312
312
312
312
312
317
317
318
318
319
319
319
322
317
317
317
317
318
318
318
318
318
318
321
315
317
321
317
317
319
317
319
319
319
319
322
322
320
322
311
320
326
326
317
318
319
317
329
323
323
316
323
317
875
319
319
335
368
320
319
319
325
323
323
324
335
335
329
335
329
329
335
335
329
329
335
335
329
315
318
316
316
316
315
315
315
316
315
315
315
319
315
324
322
322
317
317
317
316
317
317
317
313
319
317
320
320
320
324
320
320
320
260
316
318
319
319
319
319
319
319
319
319
319
319
319
319
319
319
319
319
319
319
319
319
319
319
324
317
317
319
317
315
314
314
314
314
314
314
314
314
314
314
314
314
314
314
315
314
314
315
314
256
256
256
319
319
255
255
255
256
256
256
256
256
255
255
255
255
256
255
256
256
256
256
256
256
255
255
255
316
311
312
317
327
327
329
329
329
329
318
326
318
312
316
324
328
322
319
318
305
324
326
322
319
319
319
319
319
319
319
319
317
311
319
319
319
319
319
319
319
319
317
319
319
319
319
319
319
319
319
319
319
319
319
319
319
313
450
528
444
526
449
537
449
449
448
452
447
40
449
257
267
267
282
529
298
300
308
308
256
281
281
285
529
300
300
289
289
495
495
495
522
549
548
548
473
473
473
589
575
609
618
605
614
568
566
566
304
292
298
298
298
298
298
298
298
297
297
297
294
310
287
287
485
488
312
298
293
294
294
311
275
306
281
540
281
314
290
313
488
488
487
297
289
289
289
289
289
289
289
289
289
289
289
289
289
289
289
291
289
291
290
290
306
306
306
306
306
487
295
289
287
294
313
489
312
312
314
301
301
301
301
301
301
301
296
301
301
290
290
290
489
505
484
280
497
308
307
307
286
491
307
305
305
279
279
281
279
279
281
502
305
278
411
285
310
460
282
304
492
285
289
289
287
291
291
289
289
289
289
289
284
291
291
287
292
292
292
494
285
291
291
291
317
306
484
700
523
290
491
497
267
491
289
275
304
304
288
320
489
489
494
304
304
304
304
304
304
304
304
304
304
304
294
274
301
288
493
302
282
490
286
284
466
282
284
284
304
290
290
290
304
300
289
497
497
305
483
296
296
296
296
296
310
282
336
292
480
264
471
298
346
299
299
284
274
326
292
480
509
318
306
271
282
282
280
288
288
288
271
508
283
491
487
279
280
277
284
283
282
254
289
488
294
294
294
294
294
294
487
501
285
295
311
287
309
316
307
324
307
307
307
289
277
301
306
298
303
288
316
498
497
487
495
495
314
319
316
316
283
483
486
286
517
289
484
291
106
106
106
290
487
293
290
305
304
590
305
281
276
279
284
283
309
497
307
314
307
315
319
319
320
321
496
497
498
498
288
279
293
294
293
293
290
292
293
292
320
293
292
293
294
306
282
290
290
297
306
297
290
306
297
297
297
306
291
306
317
317
324
288
496
301
301
301
308
301
301
304
303
312
322
325
327
332
322
327
257
288
304
304
304
304
304
304
304
304
304
304
304
282
304
304
304
302
304
304
304
304
304
304
280
304
304
306
490
490
490
285
432
491
285
285
285
285
285
285
285
285
285
285
285
285
285
285
290
285
285
288
288
288
288
288
291
291
270
288
288
288
288
288
288
288
288
288
288
288
288
288
288
288
288
288
288
287
288
288
288
288
297
280
282
305
314
314
305
292
291
292
293
293
282
326
285
285
495
263
326
316
308
308
308
308
491
286
289
295
295
295
295
295
295
295
295
297
303
304
304
304
304
304
304
304
304
304
177
365
369
369
363
351
398
360
345
370
365
310
320
318
368
368
327
314
322
322
319
315
320
325
330
316
320
320
320
323
319
316
307
319
318
321
318
306
317
320
319
319
775
776
814
751
258
403
1059
1069
206
617
777
780
779
781
779
409
685
673
407
670
802
806
806
760
806
806
462
798
805
632
807
803
457
805
366
405
379
377
802
774
793
780
469
748
469
469
232
470
469
470
472
236
524
2498
379
467
460
507
380
388
388
388
436
436
436
437
452
500
405
400
436
389
184
170
170
170
170
175
170
170
170
171
146
159
187
173
470
468
470
468
470
468
488
462
458
304
318
299
319
315
307
303
314
304
307
303
302
336
311
313
310
310
336
315
302
314
311
315
324
314
316
310
314
300
315
321
308
306
311
320
299
303
307
314
302
304
304
307
311
308
307
310
315
315
308
318
292
314
312
315
308
313
314
315
314
292
292
295
304
306
316
314
306
328
313
313
300
300
312
314
304
304
300
292
305
327
300
299
327
262
302
306
300
229
299
299
299
316
295
313
297
297
297
297
297
299
305
303
305
313
301
297
316
316
316
316
316
316
316
316
316
316
316
316
316
316
302
294
295
316
316
305
303
313
291
298
303
303
303
306
305
303
303
303
312
314
296
298
304
314
312
316
300
312
306
311
313
305
305
308
307
307
315
316
312
297
308
307
308
307
303
315
389
389
389
389
432
413
432
432
432
432
379
383
389
447
458
704
416
417
620
620
733
4034
804
783
703
805
805
341
805
805
805
805
533
770
737
604
428
428
428
558
766
766
766
557
367
398
15
576
538
576
550
553
550
538
538
537
431
432
576
576
550
550
574
434
434
538
560
546
576
427
345
58
540
542
532
537
606
428
548
572
550
580
531
547
547
429
576
434
575
540
540
557
610
433
561
518
565
575
592
571
609
575
575
615
586
575
591
589
619
600
608
605
608
605
605
603
603
603
603
605
605
603
603
603
603
603
606
575
589
596
607
613
608
615
593
578
574
574
578
578
578
574
578
578
578
578
574
574
574
578
578
578
578
574
574
572
573
577
564
594
594
618
602
602
612
612
591
591
585
575
623
625
577
577
577
577
571
573
571
577
573
569
571
569
608
611
605
610
606
610
583
583
583
583
583
583
583
583
583
583
593
583
584
578
574
578
573
579
579
579
579
579
575
575
575
575
575
575
575
575
266
264
273
275
275
267
267
297
255
630
737
664
555
613
606
767
702
132
132
132
634
649
633
611
614
629
614
338
181
584
614
586
590
559
236
234
236
483
1306
1281
615
611
1306
1314
1312
1304
1309
1310
1313
616
96
309
1519
1520
1520
1520
239
230
236
224
236
331
331
362
452
450
447
364
366
479
425
400
499
498
524
526
523
532
567
523
523
4
213
516
525
557
521
524
526
545
427
375
493
576
214
564
521
548
519
511
502
507
481
474
572
550
528
529
512
529
511
495
512
496
505
499
499
622
627
629
627
627
630
475
454
468
467
468
452
494
494
494
494
493
499
502
502
502
502
502
484
479
479
457
457
457
456
84
456
24
84
84
84
457
457
104
127
457
461
461
459
491
502
501
500
455
458
464
458
464
496
470
498
495
495
505
118
24
501
501
501
493
489
531
516
513
26
517
520
517
522
521
491
493
396
493
494
504
519
514
23
517
519
519
506
510
462
466
229
436
76
1341
1338
111
3
361
8
362
1039
1038
1055
1040
623
398
398
395
394
397
397
397
398
398
398
398
398
398
398
397
398
395
397
397
397
399
399
397
397
397
397
397
398
399
393
402
402
402
397
396
397
386
410
397
397
397
397
397
397
398
398
397
395
397
395
399
395
400
405
405
408
405
408
408
404
395
405
403
400
406
399
401
399
397
398
399
399
395
396
396
396
396
394
398
459
410
417
397
396
396
401
397
397
400
398
398
397
397
397
397
397
398
405
401
400
400
406
399
398
397
397
403
400
430
430
408
400
395
398
403
399
399
405
396
394
399
405
400
400
400
394
420
400
395
400
403
403
406
393
394
385
397
398
412
396
421
421
397
399
405
405
400
401
401
401
401
391
398
400
401
397
403
401
398
398
410
396
395
397
404
397
398
398
407
396
396
408
408
408
408
404
408
401
388
397
387
385
393
388
393
386
388
393
387
390
393
376
399
399
399
385
385
389
398
469
404
402
402
404
402
405
405
397
402
410
400
395
401
400
400
400
398
396
391
398
398
400
394
394
394
386
405
394
392
393
398
398
385
385
385
385
404
397
400
400
400
399
399
399
399
399
400
398
399
398
400
399
399
399
400
398
395
400
414
400
400
400
400
400
400
400
400
400
400
400
400
400
400
398
417
417
398
399
397
397
397
405
407
399
400
396
412
399
398
396
398
396
398
396
398
398
398
398
398
398
396
396
398
396
398
398
396
399
395
397
396
396
396
396
395
389
396
398
411
403
403
397
413
406
406
403
403
401
403
400
415
397
448
448
421
405
398
399
400
400
400
400
400
400
400
400
400
1337
190
233
247
216
226
330
330
336
336
335
334
336
336
336
336
336
384
378
382
362
362
362
362
350
350
350
404
398
398
1073
245
346
670
615
674
492
383
336
387
339
429
429
429
426
426
426
426
438
435
435
440
440
417
415
415
418
417
423
407
423
423
424
423
551
608
608
608
527
486
506
314
366
256
221
549
420
273
490
433
238
306
1625
21
804
436
607
334
473
119
1091
1106
622
1101
1091
1100
1101
474
713
805
460
460
460
460
460
460
209
465
627
466
466
466
440
466
466
590
611
639
590
590
589
590
590
590
589
126
490
479
479
478
484
532
532
532
532
531
532
449
533
439
437
437
401
78
336
401
359
336
336
138
336
156
906
131
909
906
934
937
939
936
869
906
891
937
961
943
943
910
885
878
878
878
878
891
901
901
901
901
901
901
901
901
888
931
902
865
852
852
869
865
868
867
190
188
188
189
187
416
420
418
439
335
607
594
338
349
664
555
556
556
140
140
140
476
898
479
510
995
675
990
333
333
342
338
389
381
398
374
370
355
358
327
359
889
887
889
898
764
894
889
889
898
889
889
616
222
799
796
918
789
811
775
787
780
777
777
771
783
779
780
891
780
781
780
789
778
605
668
421
419
419
483
453
453
432
421
421
421
421
419
319
320
320
437
439
439
664
660
661
700
669
660
661
661
660
661
689
692
724
724
690
681
681
681
681
700
675
700
700
700
700
700
436
709
709
662
547
632
748
359
706
733
736
719
490
748
137
134
426
426
136
140
9
149
78
79
78
138
136
134
137
129
79
81
78
130
136
134
143
132
87
137
139
139
134
443
438
438
483
298
482
86
388
730
103
193
193
193
193
193
193
193
193
193
193
193
193
193
193
193
193
193
193
193
193
193
732
193
193
732
84
84
73
193
198
732
737
732
193
193
193
193
193
193
193
193
193
193
193
193
193
193
193
193
193
193
143
143
193
77
193
193
193
193
1775
82
122
126
131
156
120
152
156
156
156
97
115
115
99
115
115
134
156
156
112
125
577
122
118
134
130
129
129
130
137
134
130
118
126
126
126
128
122
122
126
128
128
129
120
120
122
128
120
122
125
115
136
125
119
119
119
119
119
119
119
119
119
119
119
119
119
119
119
119
121
121
121
133
133
133
133
146
140
116
147
152
125
125
124
153
124
124
124
125
153
153
125
139
139
128
134
134
134
134
134
134
134
134
134
126
126
126
126
128
126
146
148
146
142
146
143
143
143
143
146
148
143
143
143
143
145
121
127
123
114
114
115
124
115
115
115
115
115
116
123
133
133
133
137
137
137
137
133
137
122
140
118
122
122
126
119
125
117
125
122
137
119
121
119
119
117
119
125
125
126
119
119
124
123
123
123
134
138
133
133
133
126
108
141
135
135
126
143
140
140
140
115
127
125
119
119
119
127
133
131
131
124
125
139
126
126
126
126
126
126
126
126
126
126
126
126
126
126
126
126
126
126
126
126
126
123
123
123
126
117
126
133
126
128
122
117
118
118
122
125
129
126
126
125
119
129
132
157
145
119
126
125
126
115
118
119
119
119
119
127
130
127
124
137
126
130
150
117
126
126
123
125
118
124
137
137
118
119
119
119
119
124
122
120
125
117
118
127
124
124
127
132
126
126
135
136
122
135
119
120
120
117
118
118
118
118
118
118
118
138
142
127
124
136
136
132
136
132
136
135
145
126
128
130
130
130
110
111
114
130
130
107
130
110
130
119
108
130
130
130
130
130
130
130
130
126
125
113
125
125
125
125
125
125
125
125
125
139
125
154
116
124
124
123
139
145
116
119
131
123
127
131
131
115
139
133
131
135
140
122
126
126
118
120
127
128
119
138
126
126
130
130
136
132
126
115
138
115
134
134
134
137
134
139
134
133
125
141
141
139
146
139
139
146
131
126
127
127
131
131
131
131
126
131
131
131
128
136
134
138
148
142
134
127
122
126
122
131
126
126
126
126
126
126
126
126
126
126
126
126
122
126
132
126
125
127
127
127
127
126
126
131
133
127
131
127
131
127
132
127
127
127
132
126
126
126
126
126
126
117
139
139
126
123
125
133
119
119
119
119
119
119
119
119
119
119
119
119
119
119
117
117
117
119
116
119
119
119
123
123
118
118
122
119
118
120
118
120
118
120
118
118
118
118
118
118
120
120
118
120
118
118
120
119
118
120
119
119
119
119
118
120
120
120
121
119
125
128
128
169
138
138
125
125
113
131
123
125
125
126
115
115
130
131
127
126
126
126
126
126
126
126
126
139
123
124
118
125
118
135
126
126
126
126
126
126
126
126
126
126
134
195
195
192
192
90
94
93
93
92
93
92
95
84
86
86
92
95
88
85
257
259
259
241
245
242
87
81
74
78
78
78
84
26
79
79
82
82
79
77
77
76
106
79
78
80
79
77
25
76
79
78
80
80
77
78
79
81
76
79
78
85
79
78
77
77
77
77
77
77
77
77
77
77
77
77
77
78
78
77
77
77
77
77
78
77
78
78
78
78
77
78
82
78
83
79
80
79
80
80
80
79
79
79
134
79
78
78
79
79
77
78
78
78
78
78
78
78
78
78
80
80
79
80
78
80
79
79
79
79
79
79
79
79
79
79
79
79
79
79
76
77
77
77
79
77
77
77
77
77
77
77
78
78
78
77
77
77
77
70
78
82
78
82
79
77
78
78
78
77
79
78
78
79
82
77
80
77
77
81
77
78
77
77
77
76
76
76
77
78
82
81
78
79
79
79
79
86
91
103
80
78
78
86
86
86
76
76
76
79
77
76
77
77
75
75
76
76
77
78
78
78
78
78
78
78
78
78
78
78
78
78
78
78
78
78
78
78
78
79
78
78
26
79
79
78
75
79
77
77
77
77
77
77
76
82
79
79
79
82
81
77
76
76
76
76
77
77
79
78
76
76
78
78
78
78
78
78
80
76
76
78
77
77
79
77
83
81
78
78
81
81
80
80
73
73
73
79
77
77
77
77
79
77
77
77
77
77
77
77
77
77
78
76
78
77
78
76
78
78
78
79
79
78
79
81
78
79
76
77
78
78
78
78
78
78
79
78
76
76
76
79
84
78
77
77
76
76
81
79
77
77
80
77
76
78
78
79
76
85
76
79
78
78
76
84
81
79
79
79
78
78
84
80
79
80
79
80
80
79
80
78
80
80
79
80
79
78
78
78
78
78
78
78
78
77
84
81
78
78
78
78
78
78
78
81
79
91
79
79
79
79
79
79
86
81
86
86
86
86
86
86
86
86
82
77
82
81
77
77
78
95
78
78
78
78
78
78
78
78
78
78
78
78
78
78
77
77
78
78
78
78
78
78
77
78
78
78
78
77
77
77
77
77
77
77
77
77
77
77
77
77
77
77
77
77
77
77
92
74
74
74
74
74
74
74
74
78
75
77
80
80
81
81
80
80
79
80
77
79
81
75
75
80
80
81
79
78
78
78
78
80
88
77
82
82
79
79
77
78
77
77
78
78
78
76
79
79
79
79
79
79
79
79
78
79
79
79
79
78
78
78
78
78
78
78
78
78
78
410
290
301
72
295
70
28
477
160
130
83
83
500
575
595
90
52
357
453
487
370
895
451
456
598
433
449
538
441
411
1593
2429
397
397
543
543
540
539
540
1552
1018
1019
1019
1017
1013
1013
1049
1015
1019
394
428
500
1037
593
385
92
494
1034
374
60
421
346
436
415
431
437
329
631
215
215
215
375
2513
554
49
49
49
49
144
144
144
675
704
671
694
474
707
713
577
577
689
682
671
683
679
687
684
391
683
675
391
391
540
450
1550
1550
651
653
1596
645
644
648
648
651
645
645
651
572
652
652
652
647
645
645
648
650
651
651
651
651
651
651
651
651
651
651
660
660
660
660
660
660
660
660
660
660
657
657
657
647
659
654
652
661
661
652
694
660
660
660
660
649
646
674
670
652
652
652
670
654
645
662
662
662
662
662
660
701
653
654
654
654
654
661
661
644
652
649
652
649
654
649
648
645
672
659
701
651
940
651
651
667
655
655
337
649
647
660
653
669
651
649
672
641
651
646
651
646
651
653
655
649
670
670
660
660
651
651
651
651
649
652
652
671
656
648
644
645
652
652
662
652
650
650
650
650
651
650
650
650
650
650
650
650
650
650
650
650
649
649
652
652
651
651
647
650
653
648
648
656
655
649
650
650
650
654
647
647
647
647
651
647
647
652
652
652
652
652
652
652
688
1302
446
156
323
262
351
358
380
615
606
615
618
615
358
615
615
358
354
586
576
583
358
578
1149
1012
1098
1100
353
353
354
335
346
349
356
349
390
390
349
349
390
390
347
349
390
390
349
365
365
367
365
358
358
358
358
360
360
360
356
358
698
698
699
699
720
720
720
720
711
711
711
683
683
683
697
697
697
577
577
573
575
572
586
580
586
580
580
580
580
579
578
578
480
686
686
682
686
683
590
743
944
376
195
377
377
377
357
377
374
380
140
375
376
377
376
376
376
376
220
380
376
376
376
375
378
376
376
376
376
375
376
375
374
376
377
377
357
375
376
376
376
376
376
376
376
375
376
45
376
375
376
336
332
377
377
375
375
376
377
376
54
262
20
262
376
22
578
177
358
377
255
385
375
372
353
387
211
177
377
377
376
376
376
376
221
381
376
376
376
378
376
376
376
378
371
376
377
377
357
375
376
375
376
376
376
376
376
32
376
375
376
336
336
375
375
376
336
376
377
377
376
376
377
327
376
376
376
377
376
376
309
376
172
377
377
377
376
336
377
376
261
339
377
377
377
376
376
376
376
154
336
337
336
376
378
376
376
371
376
336
336
376
373
376
376
377
17
336
377
376
376
377
13
336
377
336
376
366
336
377
377
377
376
639
377
376
377
377
376
375
375
375
375
375
376
376
375
375
375
375
375
375
375
375
361
375
375
375
295
375
375
375
375
375
375
375
375
375
375
375
375
375
375
375
375
376
375
376
375
375
376
376
376
376
376
377
140
375
375
375
377
376
377
377
376
376
377
376
375
377
377
377
367
376
308
376
376
375
375
375
375
375
375
375
375
375
375
375
375
375
375
297
297
297
297
296
126
297
295
376
376
376
376
376
326
326
467
407
360
186
203
157
302
186
186
187
366
416
416
415
411
348
307
267
351
361
302
376
379
378
380
378
376
376
172
378
376
374
378
379
892
893
892
892
892
892
894
897
894
894
901
901
900
911
904
911
912
911
911
861
1738
380
380
922
885
924
378
92
90
88
85
20
226
213
226
216
176
190
207
221
214
226
275
226
175
20
214
214
20
20
165
175
179
214
179
214
20
179
173
214
20
138
549
248
549
549
549
549
549
549
549
549
549
549
549
549
549
549
549
549
549
549
549
549
549
549
138
40
552
549
551
551
552
552
549
549
549
549
549
549
549
549
549
549
549
549
549
549
549
549
549
549
549
549
40
551
551
551
551
551
551
551
551
551
551
194
194
405
343
177
2457
1507
377
377
377
377
377
377
377
377
377
377
377
377
125
377
377
377
376
375
376
376
262
377
377
377
377
296
372
369
578
298
435
32
376
376
383
376
376
376
376
376
376
376
376
376
380
349
385
376
353
376
375
375
185
375
376
278
376
376
375
8
192
377
373
377
375
331
266
18
375
376
377
33
375
376
376
379
375
375
376
375
375
377
376
376
375
376
376
372
376
376
376
377
375
376
85
375
375
360
161
15
376
322
375
375
378
375
164
375
376
375
376
376
377
375
375
926
1749
210
210
330
214
531
387
389
389
389
389
389
389
385
529
352
433
521
98
553
